418
525
924
867
578
264
317
626
186
840
73
984
911
962
449
661
955
706
312
193
633
811
484
339
477
710
22
159
836
260
124
65
506
951
442
902
908
82
48
714
719
744
470
701
11
691
731
677
110
332
225
329
4
945
836
128
672
782
735
198
214
400
810
604
472
299
770
377
281
410
858
525
449
543
385
362
788
182
723
910
805
654
783
998
184
553
853
28
184
420
704
857
35
985
685
299
144
644
698
655
798
220
143
309
282
733
135
554
660
989
216
207
31
569
395
924
552
381
312
715
550
551
194
219
48
192
541
526
336
463
495
386
904
514
819
86
55
270
579
442
437
111
780
578
807
271
878
253
551
85
392
408
89
181
178
964
731
199
705
127
1
655
457
896
323
756
789
513
287
375
515
62
756
420
570
325
207
624
680
322
154
3
619
9
405
470
639
415
832
354
180
764
610
583
875
704
555
873
897
463
276
842
735
770
771
341
157
734
327
65
811
19
905
541
113
210
575
630
391
447
859
811
796
697
856
50
445
480
455
228
508
415
66
487
643
83
567
798
922
761
674
96
385
288
253
262
164
856
788
632
87
127
994
858
659
985
250
761
592
327
163
812
921
811
441
676
564
787
644
34
254
208
41
341
557
618
379
528
177
135
29
837
0
776
860
22
838
930
865
25
494
564
946
846
684
460
386
19
991
97
505
492
504
303
922
670
681
853
365
877
374
352
738
435
46
371
56
334
394
3
207
750
315
80
722
798
672
231
549
232
389
669
736
808
21
890
226
447
636
91
480
902
207
81
163
321
668
357
540
127
647
12
320
54
91
569
952
749
156
192
284
405
220
47
532
719
472
887
539
645
837
821
480
684
603
241
670
814
867
936
7
266
710
74
293
229
105
436
426
726
637
996
176
709
687
198
390
13
285
419
560
101
265
806
165
510
47
140
321
615
313
763
835
854
861
326
425
16
240
243
857
859
519
293
126
797
294
875
428
928
428
827
245
844
894
803
223
157
307
529
30
887
910
928
521
487
236
313
21
71
761
744
388
976
1
568
168
183
881
603
46
297
432
608
997
58
954
865
797
555
123
830
768
577
505
331
656
980
320
694
254
643
257
613
591
735
601
337
429
510
310
482
940
690
44
391
973
684
451
106
934
459
419
601
184
591
735
462
9
44
45
869
696
295
437
819
961
452
135
847
302
717
889
281
933
124
652
13
286
670
475
898
202
13
244
207
712
733
268
801
505
700
362
944
108
181
404
270
868
660
919
27
63
545
42
575
102
208
359
324
610
482
407
937
865
843
54
306
379
880
34
100
481
521
607
646
269
983
471
658
700
864
890
891
471
686
810
442
906
633
302
670
775
830
300
205
760
576
120
612
143
759
479
243
92
312
546
498
827
134
400
575
487
737
976
989
950
909
743
668
756
294
758
380
793
974
414
105
378
250
468
66
403
114
981
992
764
367
873
768
992
650
85
398
803
55
650
640
587
10
847
728
85
289
41
243
436
27
869
852
673
503
626
859
192
856
193
378
480
460
425
565
296
309
704
591
506
276
110
654
666
362
672
290
424
449
37
716
936
878
894
943
131
461
69
224
94
65
997
130
396
130
700
656
262
564
165
11
376
374
214
525
159
257
317
475
113
481
428
254
415
916
507
874
824
663
244
55
935
698
520
475
915
916
787
186
571
706
959
954
532
996
627
357
316
448
356
73
453
292
945
564
299
742
983
769
752
539
436
472
441
535
867
295
682
201
665
320
650
217
614
297
523
283
896
883
740
597
675
386
302
322
229
694
373
955
313
158
143
811
564
314
916
970
431
276
930
605
55
602
632
591
145
845
822
234
741
4
482
603
66
774
524
65
567
798
232
75
819
18
937
75
452
376
242
816
73
99
649
402
951
906
833
144
612
95
492
60
123
846
547
696
514
50
872
187
872
561
518
225
734
7
0
674
480
380
6
27
791
494
363
676
945
691
951
509
893
178
681
254
311
338
70
12
907
912
157
5
947
624
35
859
188
597
776
111
163
494
348
977
396
784
664
175
505
941
742
759
600
859
826
441
461
110
6
572
532
241
916
48
71
60
135
456
314
716
548
290
449
430
853
538
311
278
34
393
836
562
763
647
565
28
242
794
365
598
422
318
964
353
475
815
764
259
978
5
784
10
600
708
217
887
493
416
601
280
897
240
9
465
925
541
666
458
861
993
524
555
256
286
485
145
889
255
993
458
849
668
191
922
349
770
698
182
212
638
932
530
269
993
881
101
716
369
945
169
626
360
726
741
266
502
304
709
94
904
352
937
286
793
438
675
530
702
559
487
935
114
423
76
590
903
830
282
143
689
448
769
877
549
105
107
191
362
763
868
177
23
298
214
671
25
752
298
924
698
999
865
59
30
111
244
768
934
903
317
877
902
56
146
816
811
527
187
784
312
343
189
519
19
595
47
111
96
389
469
61
831
62
848
752
367
985
515
37
870
287
102
738
236
731
545
112
552
350
757
759
748
254
300
107
953
821
272
889
748
179
64
674
804
532
434
872
519
346
282
599
736
401
589
787
140
117
700
266
400
637
433
896
937
10
689
205
830
855
471
141
497
321
86
972
354
367
685
547
590
536
538
313
753
12
319
774
95
166
507
268
441
817
314
990
164
136
335
553
154
642
833
267
258
575
988
223
350
796
101
168
595
521
392
583
433
954
292
906
49
369
563
992
914
391
867
63
113
114
592
97
760
458
883
205
855
525
370
519
330
468
364
387
528
201
446
264
945
424
752
863
957
301
783
641
254
85
271
142
695
907
308
192
71
672
23
892
504
901
182
628
774
988
322
407
114
241
843
780
722
688
924
993
937
758
203
686
280
932
207
397
414
580
711
355
648
451
873
42
429
78
437
278
693
993
525
946
101
451
570
242
175
497
488
430
528
262
620
901
672
940
596
917
892
300
96
427
198
259
718
271
615
864
500
394
644
940
451
149
653
195
54
593
224
865
303
136
222
237
118
965
726
306
116
965
455
837
564
754
614
955
722
32
46
125
743
249
422
757
636
758
976
423
296
679
460
275
336
206
547
522
112
629
927
950
818
702
604
850
982
903
701
827
309
715
38
347
220
439
606
333
357
100
952
430
593
369
196
905
694
629
318
573
205
513
4
107
456
920
998
965
976
590
533
603
665
456
454
667
114
400
902
949
848
727
460
549
649
606
378
791
732
479
908
650
86
679
732
240
896
973
193
589
42
829
580
290
915
74
893
53
897
316
149
815
464
90
748
758
173
712
277
775
353
163
499
171
630
424
337
942
952
258
131
293
806
197
420
386
189
237
610
763
36
554
329
255
113
416
916
426
749
71
836
734
148
308
294
969
954
345
257
637
556
125
242
648
428
850
339
779
70
403
334
182
493
280
91
602
557
755
335
55
130
697
551
84
461
934
453
880
25
847
239
473
230
504
368
545
206
231
751
211
798
897
991
393
243
38
344
890
651
307
771
556
586
655
373
6
944
676
40
85
437
943
761
157
728
722
27
342
900
319
386
953
522
560
410
816
938
586
249
250
122
915
188
192
811
597
736
122
24
624
391
629
411
532
597
408
164
830
185
252
489
393
392
688
952
879
516
756
261
477
266
117
492
836
904
185
485
461
587
752
254
699
968
949
791
616
390
894
771
917
119
582
697
904
419
206
288
894
901
893
417
377
753
632
199
500
345
608
175
264
390
700
388
556
252
624
287
859
799
292
842
772
400
678
555
827
772
969
274
775
328
364
501
603
339
142
350
281
7
835
465
896
137
711
435
726
134
88
856
895
983
526
964
42
154
494
608
958
264
903
470
399
737
684
599
164
752
212
631
173
75
738
800
420
219
602
15
916
616
492
519
704
525
813
34
770
603
79
714
250
983
323
132
852
322
539
300
65
368
903
613
278
896
11
938
598
39
473
147
113
961
843
965
898
502
710
646
514
816
247
479
411
61
809
617
704
819
754
43
353
0
691
174
557
850
994
872
106
845
361
870
876
894
43
749
377
292
575
814
120
893
289
33
661
711
465
523
309
436
270
909
284
880
304
424
411
352
656
169
396
674
530
922
729
970
280
627
875
419
669
750
122
167
285
279
681
853
878
658
227
32
633
696
974
945
664
517
884
710
172
344
684
853
102
612
156
796
852
257
393
719
300
191
120
325
384
804
208
929
667
125
398
942
248
917
330
156
992
735
322
657
990
245
743
210
324
486
560
956
174
254
264
67
521
348
16
764
413
754
641
124
45
894
44
965
466
435
954
302
885
319
248
365
223
463
915
862
120
270
391
656
506
2
964
300
133
364
670
601
312
674
465
326
433
619
268
52
763
789
529
928
809
920
25
811
542
222
46
830
160
531
492
31
21
375
867
246
414
20
536
384
948
546
101
993
612
507
140
794
459
436
265
734
544
146
751
739
541
892
281
138
254
724
140
729
450
885
614
608
744
356
229
472
203
867
829
435
942
42
91
654
566
409
230
705
685
874
860
704
506
640
693
642
772
796
789
56
574
257
57
555
787
778
594
288
330
493
517
592
373
59
847
765
968
453
65
953
277
941
568
559
296
594
663
171
550
430
64
213
179
439
218
114
801
997
594
939
591
152
449
467
629
721
240
266
268
645
688
758
20
229
129
776
772
633
720
675
314
978
370
745
996
369
629
205
424
248
393
287
563
441
131
474
42
762
60
158
178
492
208
214
422
260
601
966
629
71
356
655
74
851
889
830
620
99
995
87
633
528
30
610
161
259
945
725
413
689
862
380
258
380
418
603
274
887
720
433
995
163
637
551
188
415
787
384
123
207
225
730
770
825
635
876
888
362
750
388
458
247
401
166
569
368
178
341
715
30
240
610
281
124
266
697
745
410
442
468
96
17
324
818
471
58
429
407
701
203
194
557
980
119
674
855
463
128
66
520
651
63
265
92
893
537
223
447
552
296
741
42
812
143
272
127
122
450
148
282
425
422
855
97
16
660
84
614
930
174
139
282
707
929
785
383
644
131
584
664
873
326
314
192
873
252
871
545
201
931
143
732
825
953
512
739
5
273
78
732
378
439
292
5
855
614
35
255
675
290
706
241
861
245
375
724
966
294
317
5
848
924
921
955
691
844
485
399
999
397
728
689
544
360
553
740
327
3
852
682
824
323
815
872
191
635
89
965
61
481
71
894
194
733
306
323
916
144
382
102
881
147
742
871
948
883
964
634
307
2
798
662
696
462
187
416
979
16
711
494
891
535
706
857
842
779
12
371
520
400
161
259
167
331
277
41
67
603
696
968
761
48
923
977
457
268
382
435
787
899
928
535
387
120
263
27
41
996
261
177
202
223
248
190
607
591
652
977
339
847
287
777
797
346
64
913
263
987
429
353
59
383
595
991
856
834
113
583
867
829
300
61
802
832
370
573
173
926
86
43
763
373
835
416
537
155
357
73
747
514
620
934
148
286
558
616
660
844
182
220
862
16
699
163
821
599
978
708
947
527
92
49
697
129
15
155
285
377
415
381
190
62
466
315
652
322
568
368
81
688
75
893
525
3
98
600
750
859
687
866
709
348
633
675
233
505
342
338
979
550
77
643
949
986
408
107
696
876
226
647
107
226
113
507
732
219
589
692
675
363
166
418
784
420
279
64
64
92
298
451
683
483
532
801
310
394
983
261
185
91
93
920
407
351
899
663
846
96
459
871
595
917
62
413
104
971
927
694
419
267
772
394
816
159
432
957
352
574
450
531
216
324
677
991
108
860
447
54
117
59
780
692
883
394
664
194
734
586
840
49
831
938
90
854
437
104
410
663
168
59
125
222
98
721
13
67
739
646
216
998
540
948
976
962
623
380
991
236
636
376
241
873
565
241
448
119
58
753
802
105
614
353
768
816
46
217
924
952
260
938
953
55
880
63
921
929
605
999
945
8
594
794
296
452
72
763
105
142
373
738
650
6
78
287
543
727
616
115
222
763
279
513
621
175
600
958
126
392
789
530
688
594
415
589
278
652
270
504
567
358
6
623
903
616
476
763
424
788
743
345
784
984
428
813
474
128
92
970
190
627
252
67
901
550
976
190
499
110
513
415
851
506
596
576
230
889
879
929
864
944
768
438
468
850
417
506
770
829
491
460
558
961
319
96
40
377
659
740
261
55
225
466
945
241
303
767
209
539
974
635
793
756
247
460
981
519
238
307
304
868
194
193
257
690
837
208
892
859
465
732
240
938
159
525
219
805
57
840
183
874
424
525
9
36
588
757
85
893
342
37
983
598
834
91
612
365
12
751
867
860
416
455
447
216
280
481
865
789
80
179
134
854
837
414
448
674
656
77
99
877
363
889
485
373
901
748
173
390
597
245
418
354
548
378
97
476
466
952
122
305
0
222
463
277
587
354
812
205
244
923
2
409
191
568
541
895
762
334
865
725
74
125
920
511
612
42
65
74
422
253
43
925
358
575
206
956
250
403
587
805
209
12
423
947
387
443
545
688
361
406
32
26
244
649
351
252
694
68
623
347
196
341
851
931
379
303
965
180
160
148
587
647
56
939
3
268
678
269
884
423
692
887
71
828
490
688
853
46
762
815
811
694
572
229
782
305
496
442
143
321
305
299
591
538
678
999
575
300
731
852
307
162
140
557
778
808
91
0
861
269
546
591
171
356
255
423
663
316
153
811
917
125
597
164
982
877
754
322
391
546
662
632
42
996
94
408
990
925
573
349
749
902
237
39
515
830
769
840
470
350
431
869
448
411
325
809
625
688
212
587
16
410
804
110
587
536
504
376
659
836
567
895
981
488
607
99
236
462
881
502
720
403
904
981
532
534
567
942
880
661
180
82
398
781
965
384
680
632
238
208
986
427
369
712
72
911
226
945
169
847
454
920
156
476
436
622
502
895
342
271
543
124
722
62
65
120
216
89
816
360
372
715
954
961
563
184
983
114
261
668
772
768
960
867
47
629
460
844
828
380
398
808
920
292
775
342
727
651
883
63
942
642
551
453
675
939
651
361
400
870
967
157
896
546
576
795
440
850
21
394
177
627
3
851
165
441
447
577
621
746
620
492
378
843
495
724
461
324
360
324
717
46
509
222
665
923
69
771
918
264
189
248
643
622
778
299
823
632
630
860
743
468
759
199
625
356
929
757
201
410
595
122
898
35
63
973
152
662
220
458
308
658
647
4
252
88
80
53
15
934
431
256
138
990
669
468
823
78
498
92
348
618
212
388
879
597
971
259
469
273
730
421
132
675
417
515
172
333
95
444
374
609
478
734
936
91
21
467
97
7
753
515
597
989
18
674
68
110
337
512
742
640
913
686
0
867
593
337
8
845
575
617
193
549
131
97
970
481
355
238
254
420
16
917
436
74
292
207
316
259
589
309
869
202
4
646
435
287
479
396
595
976
602
479
428
910
374
999
342
97
330
554
828
257
189
708
873
595
467
503
167
345
605
326
520
502
600
526
916
770
637
328
264
756
455
891
504
592
668
85
573
418
6
630
61
748
655
685
662
363
473
714
284
698
993
346
650
833
727
662
866
370
511
228
874
520
840
432
913
904
621
766
728
721
594
138
552
106
677
878
914
892
644
767
65
789
846
618
849
559
899
41
762
151
294
42
370
388
743
774
998
387
343
97
389
239
643
517
243
771
732
126
996
341
251
985
159
456
328
851
193
771
948
266
219
456
314
798
773
521
762
409
309
665
416
197
235
54
279
233
387
970
690
884
275
103
50
341
877
661
685
130
384
163
822
884
808
336
825
662
241
586
848
468
296
31
742
18
910
904
462
756
365
737
817
252
583
240
578
207
581
880
252
492
828
610
307
272
803
640
845
920
165
643
323
218
518
674
569
774
621
45
91
763
595
619
896
131
585
886
687
36
53
714
803
664
359
26
217
50
22
648
149
370
468
799
244
796
288
260
258
19
386
439
501
867
928
892
13
339
603
301
469
535
364
312
387
554
637
116
304
832
716
144
700
939
742
187
925
996
548
863
142
251
692
987
487
172
526
502
786
426
693
227
445
789
214
324
811
654
198
781
739
15
684
821
232
545
413
776
312
862
321
508
451
848
23
781
249
920
314
399
736
126
862
142
264
898
563
639
225
367
830
654
704
161
364
313
840
172
201
686
431
204
110
585
118
347
172
565
450
75
256
702
209
909
708
855
30
39
432
213
106
3
558
423
173
276
489
812
696
960
33
762
556
783
454
0
412
231
901
459
140
232
553
703
484
896
555
702
369
845
785
37
528
334
491
478
608
926
475
721
121
905
361
999
310
280
466
928
892
667
83
323
299
323
655
806
59
559
520
941
898
282
352
212
295
928
452
889
546
664
468
221
581
95
764
321
678
883
345
668
767
363
530
52
746
167
544
833
138
321
377
265
589
8
372
744
54
405
818
301
362
100
983
451
954
18
654
404
798
475
6
695
744
834
109
259
762
466
847
804
132
802
884
427
775
835
758
206
289
393
154
8
841
858
819
966
352
969
362
707
768
606
324
970
757
304
845
933
791
623
101
494
890
920
963
363
324
616
497
698
538
294
456
609
182
212
294
679
775
100
132
277
751
624
600
469
506
131
317
661
393
743
917
146
631
648
514
683
439
319
230
652
253
884
758
376
936
897
125
776
414
18
701
592
815
986
546
800
203
716
924
298
45
409
804
739
713
402
527
824
946
535
616
491
855
933
420
347
426
863
767
226
935
350
442
431
159
344
63
102
590
193
298
706
230
789
957
465
179
758
461
660
453
32
384
755
564
563
921
206
999
496
808
74
153
180
473
496
471
424
307
224
572
635
277
663
19
134
905
18
673
887
878
879
97
161
837
207
668
528
856
77
546
686
185
965
529
713
217
988
148
91
606
445
445
973
142
756
197
512
651
749
150
68
189
643
636
480
502
598
141
849
311
831
664
419
746
945
211
304
671
777
304
846
26
188
409
265
533
811
76
285
688
154
474
359
486
302
608
958
838
944
194
120
755
96
582
470
576
877
872
737
546
867
198
873
109
711
353
567
693
293
351
762
370
62
834
238
981
737
732
96
298
692
599
470
177
138
857
275
641
397
395
525
164
550
874
683
127
894
66
469
243
245
750
770
940
934
386
206
489
12
220
823
903
162
483
66
255
64
846
965
482
870
686
534
815
311
262
462
415
359
182
94
714
832
500
996
695
828
137
489
597
563
293
566
363
82
987
674
963
262
839
752
393
794
236
643
344
128
744
812
459
257
994
521
98
27
693
538
112
799
278
773
908
794
113
417
38
32
411
877
348
719
517
55
540
975
826
201
565
481
129
791
186
957
329
81
521
585
313
94
964
304
369
581
528
211
600
73
956
303
588
243
797
411
865
684
728
203
425
989
295
186
767
85
366
138
932
19
538
647
971
385
825
313
350
293
360
759
895
275
743
682
160
483
298
595
921
406
885
972
529
575
558
348
786
15
426
293
753
361
83
84
970
775
140
731
782
550
670
641
450
510
244
371
280
807
908
730
96
330
508
166
250
873
385
375
988
207
626
804
856
586
293
904
82
655
176
327
299
218
674
350
941
33
839
27
992
583
679
608
511
68
663
78
742
206
169
349
66
215
771
112
336
492
797
374
301
218
354
144
588
650
559
168
343
879
11
807
531
753
13
141
433
17
544
118
972
560
858
330
55
397
966
623
76
449
897
816
491
614
745
976
216
996
554
33
487
212
177
468
679
521
422
77
735
977
105
36
912
689
86
295
96
889
617
781
872
859
551
687
756
661
744
624
801
17
299
642
960
96
906
649
783
763
694
884
504
147
24
740
906
748
384
410
379
902
82
847
988
444
497
763
550
493
701
534
537
20
900
58
918
920
545
706
318
563
282
808
866
820
205
799
400
510
298
447
136
540
408
733
636
942
502
955
440
786
345
376
659
967
212
355
932
465
391
406
149
335
205
412
202
3
699
493
631
629
910
260
737
105
574
324
353
261
171
466
202
265
598
113
287
112
912
686
525
115
827
88
691
554
669
39
742
659
41
135
456
522
232
516
830
869
739
896
149
157
336
636
749
506
735
13
439
26
847
590
318
762
308
287
17
69
836
473
50
387
810
595
423
730
132
437
608
739
825
861
361
45
936
731
950
224
863
271
463
831
882
129
565
470
243
956
690
948
595
132
541
586
855
376
770
105
562
100
255
946
614
394
977
679
138
592
410
789
547
780
572
554
414
25
683
546
398
385
663
323
251
149
57
74
657
34
417
673
484
437
38
904
914
620
2
362
39
713
917
941
81
569
47
267
169
136
477
287
506
306
279
133
909
119
449
253
92
339
309
407
562
671
243
677
492
404
763
134
420
154
588
875
630
97
723
701
535
481
362
677
676
573
769
433
763
640
330
326
333
632
935
518
68
507
404
243
864
856
359
532
135
994
684
922
102
638
702
42
769
306
629
209
733
355
449
921
8
26
969
989
523
668
0
660
3
908
412
722
71
324
373
697
359
171
343
673
483
758
207
679
51
708
153
920
790
474
742
855
994
367
556
85
56
931
120
907
230
601
980
983
74
717
927
775
950
476
673
712
934
175
446
924
520
804
395
600
93
467
990
655
570
79
551
243
230
423
181
643
414
213
813
578
306
11
926
632
932
405
548
667
330
480
35
563
598
466
394
597
466
685
873
853
947
783
774
251
958
401
707
772
240
279
730
939
438
972
289
327
318
886
788
519
634
638
139
122
289
47
860
679
988
253
897
810
424
281
17
7
545
651
28
769
326
300
27
275
799
330
315
653
332
388
216
836
235
648
927
884
856
171
530
582
957
613
357
712
667
354
0
915
944
962
723
936
339
248
652
326
506
418
8
550
545
448
774
718
404
623
633
522
715
922
610
934
590
799
691
592
657
716
676
654
974
811
684
494
811
651
333
901
585
796
806
32
6
356
409
911
159
774
513
832
551
951
948
660
423
175
539
893
907
255
575
782
113
325
450
927
373
766
626
767
372
850
839
239
122
562
995
346
666
458
304
788
144
615
101
844
963
309
189
407
432
484
144
622
527
39
369
572
719
557
354
357
208
985
729
695
237
649
769
364
399
414
653
858
738
879
329
252
900
933
296
559
24
840
325
637
155
85
862
311
494
366
669
499
714
987
396
743
827
997
639
247
126
327
262
60
678
688
781
145
798
838
410
548
460
911
174
379
358
997
14
970
754
933
182
351
782
559
617
303
773
121
224
682
786
104
84
126
126
725
560
533
993
54
361
608
35
453
771
567
561
777
372
982
876
826
680
68
952
168
988
360
500
731
745
751
95
632
233
358
518
414
666
289
279
217
213
651
48
636
858
550
182
55
58
959
774
818
597
686
246
912
226
502
145
755
435
672
456
289
406
202
649
181
820
460
933
478
573
746
673
545
47
385
972
478
120
909
87
385
392
460
365
770
411
116
464
223
947
308
213
77
834
963
581
606
815
552
984
654
118
580
26
584
457
378
983
500
362
39
346
199
979
468
654
243
310
445
165
174
343
946
840
667
367
96
119
675
890
683
12
859
653
866
761
688
197
961
301
685
273
882
771
935
92
709
485
949
433
947
520
157
502
535
375
641
385
271
430
643
379
697
569
843
843
2
365
75
680
965
923
391
402
375
719
332
601
144
657
635
52
310
316
752
451
148
282
701
98
365
223
769
871
637
219
267
550
329
344
845
790
681
789
540
349
338
8
381
403
687
437
445
668
436
22
127
38
702
580
367
267
342
813
114
316
485
460
477
784
51
190
191
738
472
411
65
643
808
636
535
815
746
279
441
42
513
338
259
216
249
469
74
567
287
915
879
850
706
278
311
569
386
550
862
818
372
862
932
25
657
739
120
768
848
248
280
824
428
592
684
929
704
459
643
20
369
203
192
985
476
327
843
719
728
655
459
872
726
743
134
660
732
867
384
377
535
816
58
98
783
366
40
96
241
247
195
549
657
980
376
166
882
537
510
440
130
774
703
462
866
7
399
190
42
993
202
791
908
139
617
928
674
554
641
263
232
954
696
844
364
924
460
22
813
756
497
503
523
789
594
614
941
289
800
624
995
175
431
403
685
76
632
126
876
15
121
473
205
663
228
71
944
114
37
436
179
864
267
729
922
240
447
116
891
362
808
35
509
671
994
726
8
419
560
178
517
353
508
265
682
265
286
108
261
656
868
615
614
842
801
332
930
610
222
202
239
800
823
242
996
660
934
677
814
19
385
659
989
308
489
816
307
979
111
0
802
116
228
92
258
824
461
343
894
758
117
599
582
999
383
734
204
772
315
403
263
170
146
333
860
543
301
122
921
300
673
814
956
99
633
657
131
105
769
402
279
26
667
867
727
941
924
299
979
653
206
989
556
68
609
631
981
280
940
710
889
912
387
726
83
692
190
154
123
682
601
628
715
319
41
626
527
653
731
865
941
707
830
456
970
756
506
258
219
562
739
327
196
802
354
414
366
174
443
324
728
223
333
697
532
398
44
827
884
983
184
888
455
115
539
919
392
815
735
554
935
228
732
67
842
430
27
487
782
735
971
47
944
316
769
999
307
582
490
644
531
764
462
141
989
897
816
376
553
100
14
508
485
724
127
231
979
41
790
420
440
930
835
2
629
637
155
111
24
482
551
117
429
910
552
604
905
771
950
989
795
666
641
884
122
874
449
724
90
888
414
61
172
46
566
262
27
358
441
798
368
18
923
45
899
227
782
112
305
698
810
959
508
541
648
784
525
26
658
177
733
702
15
692
796
513
259
172
996
504
992
457
611
608
905
93
9
305
525
72
139
221
790
405
985
692
841
580
553
202
119
629
946
549
778
890
463
255
407
882
627
741
823
92
233
867
925
239
937
306
121
591
941
843
739
867
903
673
977
387
28
844
391
544
894
637
349
396
261
44
174
728
203
544
270
16
321
106
297
154
269
38
110
324
166
732
543
223
233
820
12
268
791
703
716
526
115
89
624
843
605
811
27
89
367
131
111
329
280
936
139
788
894
399
278
171
169
694
295
325
751
691
94
679
834
400
176
360
35
524
803
939
114
2
968
541
522
547
146
211
682
904
853
451
916
934
445
805
97
257
341
603
117
440
854
213
955
247
561
287
643
481
125
206
988
326
942
483
93
889
656
331
399
547
912
362
456
706
283
180
488
312
837
839
55
238
752
380
36
373
530
942
78
79
538
90
484
742
28
355
381
6
639
984
620
22
342
957
135
974
723
228
497
542
377
348
962
870
158
974
760
684
605
498
865
42
286
987
713
311
68
864
825
538
818
199
405
833
57
656
893
184
450
71
735
515
691
868
474
962
197
191
521
313
744
217
919
539
311
525
399
774
815
235
112
792
244
43
94
154
891
128
929
213
156
11
294
124
272
999
934
692
354
403
665
510
442
629
610
31
938
483
8
733
722
419
181
695
610
182
4
554
827
622
616
200
993
383
62
292
593
322
488
810
56
435
28
907
231
483
416
452
365
574
315
332
392
178
300
494
742
618
141
441
127
149
712
552
568
438
623
939
804
170
732
991
258
470
15
676
479
628
48
885
316
139
345
677
150
450
621
706
652
153
968
884
907
55
902
559
37
838
191
387
455
807
992
894
386
171
656
791
623
303
79
277
378
854
352
45
533
637
644
454
285
38
146
615
347
305
932
262
55
411
898
780
444
380
561
557
813
329
410
326
361
392
582
943
615
102
24
293
600
562
999
293
847
749
72
295
991
799
704
724
631
121
570
190
231
740
625
545
406
332
717
581
676
960
434
458
730
835
155
747
837
452
846
372
495
963
283
329
83
901
817
260
51
921
605
369
810
864
756
457
765
279
649
221
769
714
317
329
737
869
162
826
551
708
148
199
270
268
916
352
391
804
438
851
882
54
142
27
985
196
751
978
421
827
567
703
159
694
804
663
292
137
243
12
304
62
690
29
391
594
365
723
593
997
875
991
147
705
363
392
680
329
696
371
562
765
787
101
940
212
996
566
27
486
528
785
859
290
378
49
91
999
194
62
76
301
360
642
185
381
717
840
81
660
287
907
542
515
592
940
776
536
528
726
775
745
746
983
271
369
341
526
99
83
907
585
938
285
397
868
284
512
711
818
474
260
104
276
689
923
946
543
606
101
594
289
206
879
205
407
894
527
140
397
355
878
800
365
757
732
252
734
659
536
295
964
602
425
354
980
572
796
962
208
56
288
202
699
708
514
493
323
43
702
387
667
696
884
745
863
420
931
265
97
422
191
17
54
42
561
295
11
98
242
883
169
644
394
835
565
157
689
294
409
401
24
527
337
992
909
488
581
372
884
382
115
162
860
851
475
880
772
826
141
790
506
815
64
504
618
944
903
145
506
602
478
727
462
487
161
678
944
182
158
916
175
454
912
32
873
692
108
597
615
853
923
172
205
670
490
845
533
389
604
34
996
285
315
840
133
181
751
642
734
983
985
571
385
515
934
440
732
710
11
871
885
694
525
55
43
564
648
58
410
819
958
362
115
620
934
341
344
2
90
99
888
147
637
537
858
644
528
668
914
683
642
345
649
897
151
529
703
245
662
255
743
649
432
387
694
181
984
572
647
295
174
300
952
724
688
206
499
829
474
217
633
781
680
670
1
558
301
978
743
177
316
395
529
287
705
864
350
184
411
546
286
741
459
929
203
255
908
257
554
617
812
449
520
30
577
940
508
537
211
520
696
487
950
162
516
65
603
905
835
251
574
347
593
468
965
494
161
336
45
79
530
140
261
630
234
128
457
675
332
223
804
92
862
96
255
581
231
171
802
549
945
941
775
305
155
823
135
630
109
79
888
654
121
448
63
363
258
568
237
835
886
619
139
606
350
930
885
118
754
373
576
124
603
914
790
57
126
555
171
423
269
586
894
476
136
385
473
286
131
461
848
388
557
173
952
599
883
551
462
501
350
250
635
422
832
133
715
401
445
790
288
791
832
487
465
400
657
702
421
27
250
317
343
335
765
881
449
707
213
531
98
588
88
444
999
144
293
605
270
733
125
738
696
567
509
792
23
394
824
378
521
140
432
272
107
738
244
34
58
50
275
447
131
514
187
669
534
575
878
574
266
71
602
102
194
804
373
210
371
352
889
803
522
471
309
718
971
800
421
629
521
709
534
310
456
510
808
555
442
725
6
257
862
459
78
972
722
334
600
700
84
622
833
917
194
689
864
900
436
820
117
849
430
930
940
355
602
160
268
871
482
483
905
592
963
841
972
963
472
730
370
626
654
833
579
457
344
464
765
365
240
54
79
362
899
566
392
748
127
238
5
367
441
282
81
977
436
12
786
323
375
608
482
316
343
784
577
917
637
176
689
875
682
549
755
147
181
567
950
959
276
384
817
870
793
563
7
852
768
88
77
311
235
226
153
743
430
638
165
343
978
958
530
270
35
51
585
702
948
662
177
951
496
87
211
140
214
944
350
40
33
416
22
67
670
389
182
336
39
535
979
518
590
731
22
574
549
71
124
237
227
991
708
789
693
328
442
361
197
212
2
993
711
555
177
107
758
733
469
608
683
667
660
764
851
269
269
323
755
819
426
177
349
224
883
975
35
782
72
778
520
638
962
917
751
806
725
498
940
945
884
105
780
682
912
193
119
728
482
92
611
156
640
358
464
100
871
519
655
97
180
885
372
469
981
678
820
668
239
926
290
660
676
884
807
828
767
91
837
925
392
85
107
823
730
471
39
28
303
323
105
560
685
843
249
416
673
586
968
761
504
544
207
246
594
326
275
20
382
454
634
915
602
291
909
815
448
204
543
165
728
732
364
147
388
647
599
687
604
414
492
980
533
815
585
448
362
294
369
295
449
842
387
347
686
419
457
588
603
861
404
153
650
31
488
218
964
686
911
606
197
178
664
170
693
882
174
564
827
429
502
205
370
76
681
506
940
760
231
574
223
304
271
574
874
669
84
634
224
826
438
274
358
815
376
70
310
587
413
463
251
564
724
114
261
122
861
577
726
900
825
406
138
14
134
640
33
448
58
394
840
321
156
870
221
637
949
869
729
981
212
301
153
27
360
88
501
537
677
538
939
167
451
644
41
846
893
62
481
725
324
784
753
358
176
288
762
281
327
397
989
757
910
937
863
244
422
412
223
853
149
502
791
468
904
172
195
890
237
777
662
248
908
439
608
425
597
961
238
132
268
108
664
796
6
889
355
173
650
921
745
899
160
100
191
330
92
793
350
502
510
524
357
409
905
624
849
284
413
324
635
79
0
613
87
833
877
662
571
676
994
332
671
931
757
806
155
904
978
386
559
483
249
742
815
267
863
321
449
273
723
255
242
851
763
861
198
474
851
574
429
674
585
563
802
875
660
495
230
858
659
434
918
168
710
178
190
764
168
789
197
51
420
359
388
455
522
306
315
839
282
16
524
607
174
2
772
626
141
265
362
528
331
329
191
767
821
32
442
550
240
825
333
621
948
874
978
163
429
780
804
318
893
564
892
958
555
419
60
917
224
652
788
712
490
687
459
650
330
221
910
473
79
974
562
257
980
439
417
913
997
323
128
817
7
223
707
574
707
776
162
648
487
971
293
897
678
847
125
300
759
173
530
603
376
415
391
941
727
987
380
516
217
767
307
193
937
154
382
591
540
798
567
401
183
867
106
504
42
456
577
306
822
370
480
550
144
968
319
898
11
591
36
850
61
118
283
228
291
688
271
278
782
288
340
785
883
935
792
808
223
390
926
151
688
14
664
253
995
918
123
329
355
230
892
956
313
29
750
809
627
35
914
269
765
20
715
102
663
449
184
427
454
630
349
276
549
273
114
12
834
273
726
825
368
526
922
174
979
321
965
822
845
484
997
138
625
156
319
487
664
867
740
886
489
182
762
643
608
881
123
476
433
737
72
472
469
127
363
113
595
670
491
698
487
767
188
91
575
434
661
940
473
485
499
754
318
505
46
9
156
903
420
784
718
712
387
954
249
216
105
198
794
180
711
732
966
122
888
125
641
991
420
702
833
483
881
646
151
369
839
297
405
826
77
72
198
52
692
295
356
82
266
343
160
617
768
448
56
691
342
856
321
392
374
846
662
735
781
633
970
846
55
157
605
109
855
168
251
13
97
147
195
894
76
823
371
560
837
752
805
724
297
210
886
302
683
220
83
22
198
119
411
106
32
892
672
242
282
253
570
833
787
618
606
35
813
114
791
199
916
119
257
7
822
893
807
431
151
258
229
935
736
546
475
542
505
614
276
538
196
966
457
785
120
54
396
165
585
583
816
358
276
934
64
3
230
294
149
21
344
730
878
249
870
753
665
597
553
234
447
676
761
787
511
15
783
973
31
274
23
986
49
706
956
350
109
434
91
260
134
81
191
704
68
222
234
390
123
645
313
571
772
994
923
454
886
461
479
384
649
897
247
422
289
248
860
380
391
786
234
610
581
714
600
645
219
406
786
696
248
509
264
90
73
52
359
804
101
51
37
608
181
4
240
80
627
965
121
974
735
798
855
92
184
142
479
812
932
399
327
986
502
872
918
84
598
315
39
366
364
628
562
254
265
735
273
289
649
128
843
795
856
770
216
228
276
307
976
154
655
26
937
468
86
88
250
609
972
126
840
290
16
204
341
493
765
739
816
156
854
121
539
927
850
43
522
215
827
538
594
396
747
747
40
430
768
917
408
554
7
332
594
914
974
536
730
708
982
404
457
238
54
739
896
849
145
179
704
935
927
928
201
669
802
834
248
268
585
331
906
586
863
278
925
70
245
522
560
338
245
844
979
187
773
460
687
796
975
478
819
359
698
257
719
648
816
135
574
149
934
913
904
683
95
261
661
148
925
877
776
236
183
40
669
894
547
805
914
482
673
485
677
487
188
288
238
823
641
252
345
150
669
180
306
688
648
52
292
58
822
155
158
501
167
674
657
106
122
258
953
179
312
335
575
796
464
638
955
150
113
806
750
132
193
275
562
800
481
980
500
149
893
144
72
776
639
713
403
85
919
169
36
707
718
529
900
983
921
428
121
618
365
70
708
639
24
636
895
868
900
125
377
585
531
961
590
99
80
501
716
989
625
952
90
687
71
580
630
823
55
70
567
433
125
22
466
803
990
779
740
113
502
493
780
421
863
413
101
200
970
40
981
859
194
879
2
605
956
403
917
796
497
141
817
973
81
215
241
186
535
977
926
727
130
121
440
531
332
613
788
775
301
25
928
308
394
309
671
953
998
280
218
235
444
583
215
645
817
706
748
933
173
344
300
287
96
80
69
123
230
946
618
514
581
341
75
912
715
205
905
426
393
756
63
618
682
77
148
759
37
200
329
306
231
356
9
655
861
736
320
3
383
850
505
916
201
929
561
243
447
551
46
89
422
818
150
688
375
512
949
323
67
324
162
592
788
333
292
510
303
200
213
214
186
374
466
853
826
996
451
417
59
842
304
89
706
929
837
428
623
776
875
740
93
257
919
647
675
176
391
202
948
731
134
166
39
771
942
2
648
281
47
344
433
429
0
400
527
566
758
0
629
424
280
364
888
16
241
60
314
579
45
949
733
15
899
775
741
577
685
779
838
155
474
286
712
357
560
921
517
525
931
497
295
160
635
690
312
964
970
546
98
814
334
45
210
515
622
978
223
955
389
593
484
348
873
290
562
793
871
146
563
709
460
205
181
910
871
208
910
593
747
13
899
20
149
862
282
292
695
675
223
419
434
745
402
553
800
72
314
345
477
584
685
583
719
346
970
42
469
915
489
459
271
808
212
696
545
233
469
883
858
434
161
207
981
335
809
138
700
5
249
155
318
478
113
533
405
352
116
364
668
781
217
564
119
287
984
580
529
965
207
776
883
875
675
356
851
216
843
72
637
803
638
829
531
738
310
667
383
700
808
819
10
935
118
344
881
776
311
395
809
505
600
78
208
59
497
348
99
378
538
984
394
415
825
830
210
501
147
998
926
186
241
339
562
94
758
774
235
972
988
143
394
874
27
123
35
249
622
710
371
425
611
389
102
575
117
445
479
497
534
170
679
30
792
593
386
440
435
977
224
196
182
940
598
750
664
56
629
390
447
985
529
702
576
149
954
464
48
67
524
827
783
554
754
960
56
685
870
713
146
262
659
832
630
585
136
141
471
506
28
874
476
212
561
171
515
164
646
869
258
99
267
999
351
937
672
227
313
227
572
892
933
289
218
714
285
878
738
350
49
645
867
876
769
123
559
332
334
839
683
837
24
54
899
160
381
363
144
817
806
637
902
199
760
697
784
263
609
457
976
125
882
941
63
958
970
440
643
587
847
470
845
460
462
892
855
972
766
249
503
366
395
127
31
281
632
622
780
383
652
601
41
384
253
235
835
67
68
820
539
63
743
282
111
19
248
396
922
917
542
18
758
383
128
287
547
993
445
546
584
588
451
579
526
975
355
451
962
464
778
103
417
503
663
871
58
882
532
275
887
608
213
19
659
575
659
271
982
443
894
516
823
687
713
619
442
225
201
535
562
460
967
842
306
782
715
845
721
82
792
809
22
31
80
797
734
431
356
432
846
255
891
885
976
146
792
273
673
153
323
277
315
197
137
501
687
611
606
344
361
809
860
902
634
864
504
170
308
793
697
698
752
270
693
493
930
71
764
771
428
516
886
418
36
88
78
167
771
897
876
882
454
648
605
186
741
692
49
533
35
729
467
131
677
649
464
871
19
951
229
993
369
643
86
507
149
301
841
472
433
160
429
481
907
767
153
3
724
690
57
598
364
887
826
667
383
284
311
925
651
94
209
154
193
604
825
873
588
966
694
324
736
253
572
83
532
577
690
63
279
639
402
633
908
398
804
593
676
762
277
392
80
132
741
755
650
705
605
664
815
452
22
270
596
119
565
3
16
884
530
864
833
56
20
44
367
699
406
355
676
141
999
520
989
623
513
520
780
217
586
455
55
918
430
429
731
815
67
958
372
865
363
742
661
365
527
365
900
251
9
606
362
343
493
300
558
333
805
714
839
946
453
231
719
983
866
142
441
705
879
440
302
522
953
326
609
748
505
135
970
886
887
598
293
136
112
860
881
551
797
495
441
715
998
275
395
131
992
468
201
657
266
812
680
161
32
880
836
645
384
185
166
266
968
451
113
852
740
787
616
889
135
199
726
278
13
411
523
182
8
607
514
435
818
171
734
974
654
596
225
232
740
348
517
605
486
312
31
365
556
516
684
374
703
954
449
994
588
776
211
875
818
798
713
214
626
453
613
90
253
396
103
73
3
50
955
523
945
840
940
977
531
606
424
289
305
645
326
139
586
448
602
590
114
946
112
731
97
278
251
160
401
108
840
354
342
112
272
321
621
846
105
456
406
314
252
351
657
475
274
825
753
31
446
943
983
175
267
894
234
740
727
100
763
844
78
823
876
201
16
380
793
286
688
399
718
574
67
465
650
88
650
469
907
996
652
99
882
143
595
182
594
286
859
764
618
222
77
258
929
290
143
651
796
99
582
356
96
195
138
136
170
463
495
382
780
390
900
721
932
221
913
544
363
378
863
772
646
923
938
725
89
942
361
790
402
358
106
308
972
419
721
897
176
508
203
416
20
787
511
127
537
682
479
469
670
360
138
671
442
95
737
453
806
592
397
202
597
600
16
548
859
656
910
512
556
907
701
251
647
990
208
520
795
886
118
483
669
268
140
440
853
51
500
256
896
652
520
283
376
971
843
808
746
529
730
385
275
550
728
726
490
750
782
709
234
132
319
674
820
385
394
280
606
560
8
470
365
147
274
758
767
178
789
1
249
713
374
67
631
83
512
329
251
599
852
237
137
865
735
548
454
35
91
931
619
383
954
667
558
467
74
489
484
41
100
566
990
298
80
879
576
771
525
392
667
289
640
595
805
401
659
790
380
791
178
964
63
726
735
351
809
409
269
313
620
257
452
116
524
224
956
710
707
390
697
961
856
292
703
627
136
349
61
670
623
759
175
40
904
765
73
415
471
615
678
464
384
962
763
866
964
995
64
73
143
59
469
742
555
343
220
42
20
476
593
376
988
795
17
456
531
61
21
619
113
614
376
377
121
957
364
627
132
463
242
522
584
404
505
546
32
750
375
449
100
901
488
820
709
291
113
736
991
321
217
878
751
74
166
530
766
477
978
366
20
15
934
217
747
437
416
13
374
359
383
430
974
412
854
485
980
434
898
5
570
180
722
634
814
322
574
678
169
944
848
115
626
266
319
802
430
859
602
202
779
257
782
88
430
767
10
199
529
768
742
467
221
745
698
142
59
666
723
719
216
318
179
858
781
806
285
860
732
480
571
419
473
83
778
45
606
22
922
634
882
608
933
877
801
496
288
513
223
65
726
516
128
100
604
520
239
35
510
836
187
235
618
773
304
520
277
124
122
664
736
278
495
353
267
327
621
988
833
759
663
891
186
509
86
443
637
623
290
604
234
201
373
694
348
933
855
429
12
218
122
695
422
163
788
786
994
999
223
921
740
584
941
564
60
497
89
202
590
894
610
168
570
722
769
607
390
7
631
897
555
195
320
457
121
737
151
945
520
339
462
192
842
942
102
740
519
98
619
236
660
570
26
521
412
74
533
176
697
253
988
784
668
390
451
792
5
176
888
846
21
844
114
141
875
594
351
51
532
349
711
215
910
119
629
373
324
445
59
297
392
945
776
239
844
214
373
182
796
20
703
286
598
145
688
200
964
869
44
850
292
513
454
729
579
953
44
187
566
221
591
440
148
371
675
88
139
130
576
791
107
356
645
741
217
408
943
246
517
466
597
535
693
444
444
942
652
202
558
314
832
526
148
298
776
373
674
770
242
546
23
955
755
333
483
492
482
62
555
186
968
583
468
533
833
350
697
697
762
327
729
44
87
72
554
874
352
673
728
626
340
839
970
311
408
652
703
179
717
920
740
165
51
266
669
889
127
324
260
796
355
231
782
283
475
596
830
718
875
634
668
104
772
574
235
622
433
325
186
402
230
387
110
761
118
822
345
861
738
970
882
22
727
407
392
292
230
687
31
552
376
29
502
393
188
521
342
743
708
505
277
964
463
430
910
404
72
787
582
948
326
125
631
831
153
404
339
650
797
363
634
730
774
94
668
738
648
2
55
228
252
510
193
174
84
600
559
735
668
658
949
276
227
116
900
601
76
91
336
215
776
765
228
73
845
301
398
518
976
135
333
403
312
655
387
149
299
429
722
125
225
653
384
851
714
812
544
837
916
221
620
126
214
850
141
154
960
87
274
198
873
852
902
803
634
913
261
800
817
84
760
343
639
738
860
873
412
86
229
191
733
354
559
477
854
757
749
905
29
726
924
173
834
474
244
636
481
489
327
748
178
837
869
236
84
188
191
410
156
567
409
206
691
743
249
408
722
531
997
948
915
431
483
8
536
3
150
435
316
814
306
934
147
46
500
30
838
106
135
448
59
395
757
329
431
827
958
11
872
198
941
902
66
218
809
408
737
456
331
192
149
586
283
832
267
214
434
238
667
487
266
965
889
198
740
216
874
690
439
274
524
193
110
887
49
490
118
390
860
609
915
340
525
17
957
877
362
842
307
575
827
495
776
924
901
689
203
821
528
221
953
717
835
369
190
199
121
28
552
637
332
815
439
602
513
907
774
720
442
996
336
735
518
489
192
635
579
327
495
117
932
641
622
711
603
274
376
353
687
322
648
495
449
473
625
927
337
759
554
611
990
60
195
784
312
29
912
689
180
642